% datos del sistema, joint 1
m1a = 0.0011644908507951884 + 0.0011644908507951884 + 0.0011644908507951884 + 0.00058767552757679601 + 0.0010321252629775849 + 0.012717581311371812;
m1b = 0.00052672018519800228;
m1 = m1a + m1b ; 

aw1= 7.15e+4;
j1= 1/(aw1/(1))

% datos del sistema, joint 2
m2a= 0.00013195457400179582 + 0.00052672018519800228 + 0.00043271308549453917 + 0.00086673289514495463;
m2b= 0.00043271308549453917 + 0.0010695037303870972 + 0.0012730475598330083 + 0.00043271308549453917 + 0.00058767552757679558;
m2= m2a+m2b;


% experimento c, sacamos el periodo del pendulo obtenemos inercia de 2

